7,19
1    1    1    1    0    0    0    0    0    0    0    0   1   0   0   0   0  0   0
0    0    0    0    1    1    1    1    0    0    0    0   0   1   0   0   0  0   0
0    0    0    0    0    0    0    0    1    1    1    1   0   0   1   0   0  0   0
0.3  0    0    0  0.2    0    0    0  0.8    0    0    0   0   0   0   1   0  0   0
0    0.25 0    0    0    0.3  0    0    0    0.6  0    0   0   0   0   0   1  0   0
0    0    0.2  0    0    0    0.2  0    0    0    0.6  0   0   0   0   0   0  1   0
0    0    0.2  0    0    0    0.25 0    0    0    0.5  0   0   0   0   0   0  0   1
3000 6000 4000 1500 1200 1500 2000
4 4 -5 7 -6 7 5 6 -12 10 8 11 0 0 0 0 0 0 0
